
mean_H_error3:  [7.2446827284044755, 5.033687258129438, 5.577286784903298, 5.503693460361475, 4.19645202752541]

multy:
mean_H_error2:  [5.727648882356975, 6.915346425930174, 5.033687258129438]

3 add sinkhorn_v2:
mean match score: [0.7415064015299843, 0.7475957162677063, 0.7928757684260928, 0.7837362597712495]
mean match score2: [2.158322393277278, 2.1720760843970583, 2.2699333884814274, 2.211799412356796]
mean M score: [0.48015129334997203, 0.47410498127454853, 0.4877109816374428, 0.37821353589735324]
mean_H_error:  [5.503693460361475, 6.2311248188117805, 4.097994830172332, 9.2244890170801]

4 sinkhorn vs sinkhorn_v2
mean_MIJ_score [[0.4294662820852109, 0.5907894673422405, 0.7415064015299843, 0.0, 0.0], [0.45566060405642145, 0.6075840259736269, 0.7475957162677063, 0.0, 0.0]]
mean_MIJ_score2 [[1.3096070846586247, 1.7554505230987134, 2.158322393277278, 0.0, 0.0], [1.3774970413430927, 1.7980827395868273, 2.1720760843970583, 0.0, 0.0]]
mean_error_H [[13.884679697461234, 12.928144716444171, 5.503693460361475, 50.0, 50.0], [19.32545172756409, 7.091816679998807, 6.2311248188117805, 50.0, 50.0]]
